
k5=[5 10 15 20 30];
k10=[10 15 20 25 30 40 50];
k15=[15 20 30 40 50 60 70];
k20=[20 30 40 50 60 70 80];
g10c0 = G10(1:7,:);
g10c1 = G10(8:14,:);
g15c0 = G15(1:7,:);
g15c1 = G15(8:14,:);
g5c0 = G5(1:5,:);
g5c1 = G5(6:10,:);
g20c0 = G20(1:7,:);
g20c1 = G20(8:14,:);
